0 11 12 13 14 15 21 22 23 24 25 31 32 33 34 35 41 42 43 44 45 51 52 53 54 55 61 62 63 64 65
11 0 0.3649137501 0.5113680506 0.5652224187 0.637228246 1.366846441 1.366206215 1.358560933 1.35462449 1.352109045 1.05257623 1.022551006 1.002555431 1.041685613 0.9883024466 1.866742401 1.796394527 1.791591789 1.790654734 1.814056347 6.594747996 6.623843928 6.621399121 5.657138287 5.698793732 4.488854483 4.488854483 4.299071784 3.287492911 4.30103347
12 0.3649137501 0 0.4590858662 0.5310858321 0.6184370821 1.361902192 1.361265004 1.353620844 1.349687585 1.347176514 1.048690505 1.018702345 0.9988774002 1.037772634 0.9841764754 1.864834293 1.794473413 1.789664654 1.788723689 1.812133345 6.591554534 6.62064944 6.61821258 5.653951673 5.695607075 4.487030844 4.487030844 4.297261954 3.285682542 4.299242617
13 0.5113680506 0.4590858662 0 0.4173170702 0.5855640391 1.353558703 1.352929339 1.345285873 1.341358048 1.338853434 1.0412728 1.01133146 0.9918510455 1.030262264 0.9762995864 1.862690297 1.792304242 1.787480405 1.786530811 1.809956736 6.587122894 6.616215771 6.613794279 5.649533057 5.691188411 4.484945081 4.484945081 4.295199077 3.283624633 4.297223603
14 0.5652224187 0.5310858321 0.4173170702 0 0.5566516546 1.348745781 1.34812074 1.340479422 1.336556894 1.334059775 1.038682116 1.00882434 0.9896145322 1.027661075 0.9733028114 1.862396739 1.791992074 1.787160531 1.786205625 1.80964287 6.584869572 6.613960907 6.611551371 5.647290059 5.688945366 4.484802606 4.484802606 4.295077505 3.283500564 4.297127033
15 0.637228246 0.6184370821 0.5855640391 0.5566516546 0 1.345992625 1.345361181 1.33773733 1.333833966 1.331371875 1.051120915 1.021695539 1.002891407 1.04049509 0.9848357301 1.866706817 1.796266982 1.791447381 1.790490658 1.813943846 6.58350321 6.612591522 6.610207805 5.645947563 5.6876027 4.490226173 4.490226173 4.300570561 3.288941985 4.302610227
21 1.366846441 1.361902192 1.353558703 1.348745781 1.345992625 0 0.4285904943 0.4642837971 0.5507983882 0.6277990881 1.415015742 1.392792703 1.377125016 1.412719462 1.338910786 2.15518093 2.083647218 2.078508174 2.077282424 2.101371622 6.666553805 6.69544433 6.694535582 5.730232885 5.771883523 4.792195397 4.792195397 4.603865176 3.591801164 4.60689167
22 1.366206215 1.361265004 1.352929339 1.34812074 1.345361181 0.4285904943 0 0.3790636423 0.5065619242 0.6052380528 1.414550749 1.392321324 1.376642588 1.412250718 1.338466147 2.153805704 2.082266583 2.077128249 2.075901897 2.099993745 6.663531082 6.692420036 6.691523025 5.727220003 5.768870604 4.790957858 4.790957858 4.602636033 3.590565822 4.605661407
23 1.358560933 1.353620844 1.345285873 1.340479422 1.33773733 0.4642837971 0.3790636423 0 0.4421454701 0.5715066734 1.406680565 1.384459117 1.368781019 1.404391106 1.330589981 2.146122325 2.074583797 2.069444676 2.068218166 2.092309875 6.656112934 6.685002067 6.684103591 5.719800538 5.761451148 4.783237973 4.783237973 4.594914615 3.582846276 4.597941774
24 1.35462449 1.349687585 1.341358048 1.336556894 1.333833966 0.5507983882 0.5065619242 0.4421454701 0 0.5017842587 1.402550625 1.38033594 1.364652274 1.40027286 1.326463998 2.141712925 2.07017206 2.065032313 2.063805249 2.087898303 6.651102654 6.679991116 6.679097481 5.7147942 5.7564448 4.778859923 4.778859923 4.590539387 3.578469935 4.593568244
25 1.352109045 1.347176514 1.338853434 1.334059775 1.331371875 0.6277990881 0.6052380528 0.5715066734 0.5017842587 0 1.399640448 1.377439675 1.361750331 1.397384158 1.323553462 2.138657428 2.06711456 2.061973476 2.060745684 2.084840062 6.647629401 6.676517298 6.675627596 5.711324045 5.752974641 4.775807131 4.775807131 4.587488325 3.575419265 4.590520516
31 1.05257623 1.048690505 1.0412728 1.038682116 1.051120915 1.415015742 1.414550749 1.406680565 1.402550625 1.399640448 0 0.5230992059 0.6284213977 0.5959458388 0.6405669354 1.938849684 1.868272801 1.862985464 1.861861123 1.885483556 6.689346131 6.718442365 6.715963661 5.751686328 5.793342795 4.550660858 4.550660858 4.360734054 3.349817133 4.363907599
32 1.022551006 1.018702345 1.01133146 1.00882434 1.021695539 1.392792703 1.392321324 1.384459117 1.38033594 1.377439675 0.5230992059 0 0.5479756444 0.4702884545 0.6500168566 1.913903801 1.843343929 1.838069964 1.836952517 1.860563186 6.664825916 6.693922768 6.691439932 5.727162982 5.768819447 4.525759784 4.525759784 4.335817205 3.324892627 4.33895152
33 1.002555431 0.9988774002 0.9918510455 0.9896145322 1.002891407 1.377125016 1.376642588 1.368781019 1.364652274 1.361750331 0.6284213977 0.5479756444 0 0.630518546 0.6898396202 1.888838535 1.818300706 1.813018422 1.811901866 1.835502673 6.64413572 6.673235561 6.670728797 5.706451636 5.748108221 4.499942246 4.499942246 4.309953042 3.299065339 4.313099106
34 1.041685613 1.037772634 1.030262264 1.027661075 1.04049509 1.412719462 1.412250718 1.404391106 1.40027286 1.397384158 0.5959458388 0.4702884545 0.630518546 0 0.6579890764 1.937008667 1.866445017 1.86117933 1.860063879 1.883674798 6.686155781 6.715251533 6.71277778 5.748501055 5.790157468 4.549209657 4.549209657 4.359282013 3.348338654 4.362397618
35 0.9883024466 0.9841764754 0.9762995864 0.9733028114 0.9848357301 1.338910786 1.338466147 1.330589981 1.326463998 1.323553462 0.6405669354 0.6500168566 0.6898396202 0.6579890764 0 1.877691703 1.807076211 1.801793233 1.800664141 1.824305969 6.621832255 6.650923897 6.648481398 5.684204105 5.725860405 4.490495334 4.490495334 4.300639077 3.289676414 4.303816441
41 1.866742401 1.864834293 1.862690297 1.862396739 1.866706817 2.15518093 2.153805704 2.146122325 2.141712925 2.138657428 1.938849684 1.913903801 1.888838535 1.937008667 1.877691703 0 0.5313352011 0.6303533972 0.6813303557 0.6116392991 6.852143444 6.881631927 6.875954961 5.911619026 5.953293139 4.08938561 4.08938561 3.919403048 2.889076632 3.91171109
42 1.796394527 1.794473413 1.792304242 1.791992074 1.796266982 2.083647218 2.082266583 2.074583797 2.07017206 2.06711456 1.868272801 1.843343929 1.818300706 1.866445017 1.807076211 0.5313352011 0 0.4976336707 0.5557432174 0.5088810515 6.776243048 6.805735233 6.800026187 5.835688707 5.877363047 4.028871068 4.028871068 3.859498806 2.82971555 3.853678286
43 1.791591789 1.789664654 1.787480405 1.787160531 1.791447381 2.078508174 2.077128249 2.069444676 2.065032313 2.061973476 1.862985464 1.838069964 1.813018422 1.86117933 1.801793233 0.6303533972 0.4976336707 0 0.3818373274 0.3833821295 6.771024358 6.800517165 6.794800997 5.830462348 5.872136781 4.017844565 4.017844565 3.849282664 2.819289663 3.844204661
44 1.790654734 1.788723689 1.786530811 1.786205625 1.790490658 2.077282424 2.075901897 2.068218166 2.063805249 2.060745684 1.861861123 1.836952517 1.811901866 1.860063879 1.800664141 0.6813303557 0.5557432174 0.3818373274 0 0.4727111737 6.769107316 6.798600885 6.792877558 5.828538296 5.870212794 4.017135077 4.017135077 3.848886066 2.818970542 3.84438511
45 1.814056347 1.812133345 1.809956736 1.80964287 1.813943846 2.101371622 2.099993745 2.092309875 2.087898303 2.084840062 1.885483556 1.860563186 1.835502673 1.883674798 1.824305969 0.6116392991 0.5088810515 0.3833821295 0.4727111737 0 6.795476939 6.824968452 6.819263344 5.854925155 5.896599514 4.0352599 4.0352599 3.866622541 2.836337635 3.860899653
51 6.594747996 6.591554534 6.587122894 6.584869572 6.58350321 6.666553805 6.663531082 6.656112934 6.651102654 6.647629401 6.689346131 6.664825916 6.64413572 6.686155781 6.621832255 6.852143444 6.776243048 6.771024358 6.769107316 6.795476939 0 4.805878611 6.094038627 5.818125818 5.822868537 9.582384153 9.582384153 9.40023019 8.384091372 9.4034584
52 6.623843928 6.62064944 6.616215771 6.613960907 6.612591522 6.69544433 6.692420036 6.685002067 6.679991116 6.676517298 6.718442365 6.693922768 6.673235561 6.715251533 6.650923897 6.881631927 6.805735233 6.800517165 6.798600885 6.824968452 4.805878611 0 6.221935662 5.746619286 5.751188686 9.611808085 9.611808085 9.42964934 8.413513249 9.432876495
53 6.621399121 6.61821258 6.613794279 6.611551371 6.610207805 6.694535582 6.691523025 6.684103591 6.679097481 6.675627596 6.715963661 6.691439932 6.670728797 6.71277778 6.648481398 6.875954961 6.800026187 6.794800997 6.792877558 6.819263344 6.094038627 6.221935662 0 5.355893415 5.332179722 9.606652241 9.606652241 9.424534095 8.408376055 9.427772713
54 5.657138287 5.653951673 5.649533057 5.647290059 5.645947563 5.730232885 5.727220003 5.719800538 5.7147942 5.711324045 5.751686328 5.727162982 5.706451636 5.748501055 5.684204105 5.911619026 5.835688707 5.830462348 5.828538296 5.854925155 5.818125818 5.746619286 5.355893415 0 1.666096184 8.642323211 8.642323211 8.460206623 7.44404833 8.4634469
55 5.698793732 5.695607075 5.691188411 5.688945366 5.6876027 5.771883523 5.768870604 5.761451148 5.7564448 5.752974641 5.793342795 5.768819447 5.748108221 5.790157468 5.725860405 5.953293139 5.877363047 5.872136781 5.870212794 5.896599514 5.822868537 5.751188686 5.332179722 1.666096184 0 8.683994591 8.683994591 8.501877736 7.485719556 8.505117874
61 4.488854483 4.487030844 4.484945081 4.484802606 4.490226173 4.792195397 4.790957858 4.783237973 4.778859923 4.775807131 4.550660858 4.525759784 4.499942246 4.549209657 4.490495334 4.08938561 4.028871068 4.017844565 4.017135077 4.0352599 9.582384153 9.611808085 9.606652241 8.642323211 8.683994591 0 -1.452823284e-08 3.844070718 2.481646069 4.269867387
62 4.488854483 4.487030844 4.484945081 4.484802606 4.490226173 4.792195397 4.790957858 4.783237973 4.778859923 4.775807131 4.550660858 4.525759784 4.499942246 4.549209657 4.490495334 4.08938561 4.028871068 4.017844565 4.017135077 4.0352599 9.582384153 9.611808085 9.606652241 8.642323211 8.683994591 -1.452823284e-08 0 3.844070718 2.481646069 4.269867387
63 4.299071784 4.297261954 4.295199077 4.295077505 4.300570561 4.603865176 4.602636033 4.594914615 4.590539387 4.587488325 4.360734054 4.335817205 4.309953042 4.359282013 4.300639077 3.919403048 3.859498806 3.849282664 3.848886066 3.866622541 9.40023019 9.42964934 9.424534095 8.460206623 8.501877736 3.844070718 3.844070718 0 2.330692222 3.834233074
64 3.287492911 3.285682542 3.283624633 3.283500564 3.288941985 3.591801164 3.590565822 3.582846276 3.578469935 3.575419265 3.349817133 3.324892627 3.299065339 3.348338654 3.289676414 2.889076632 2.82971555 2.819289663 2.818970542 2.836337635 8.384091372 8.413513249 8.408376055 7.44404833 7.485719556 2.481646069 2.481646069 2.330692222 0 2.667937511
65 4.30103347 4.299242617 4.297223603 4.297127033 4.302610227 4.60689167 4.605661407 4.597941774 4.593568244 4.590520516 4.363907599 4.33895152 4.313099106 4.362397618 4.303816441 3.91171109 3.853678286 3.844204661 3.84438511 3.860899653 9.4034584 9.432876495 9.427772713 8.4634469 8.505117874 4.269867387 4.269867387 3.834233074 2.667937511 0
