0 11 12 13 14 15 21 22 23 24 25 31 32 33 34 35 41 42 43 44 45 51 52 53 54 55 61 62 63 64 65
11 0 1.093938094 1.528956212 1.68684594 1.895460346 3.57902201 3.581419146 3.570618607 3.567727967 3.567654492 2.779271852 2.776207654 2.770795983 2.871342219 2.784183756 4.02264422 3.92319849 3.929090639 3.933559217 3.966070124 8.22693654 8.116032083 8.172349217 7.923365976 7.939234529 5.81074173 5.81074173 5.761961876 5.161944912 5.651162871
12 1.093938094 0 1.375332037 1.588808174 1.844331968 3.573413971 3.575823101 3.565026365 3.56214737 3.56208927 2.776764954 2.773747783 2.768791797 2.86867182 2.780861715 4.024873885 3.925390114 3.931269183 3.935727272 3.968261844 8.225994277 8.115087009 8.171419945 7.922433256 7.93830132 5.813196857 5.813196857 5.764451259 5.164424878 5.653685783
13 1.528956212 1.375332037 0 1.251341427 1.750658669 3.561203233 3.563643674 3.552848255 3.549988659 3.549952009 2.766839612 2.76382785 2.759791349 2.85828349 2.769389157 4.028836474 3.929285608 3.935124474 3.939558676 3.972138914 8.224453713 8.113540983 8.16990424 7.920911558 7.936779842 5.817198141 5.817198141 5.768502079 5.168477824 5.657825042
14 1.68684594 1.588808174 1.251341427 0 1.666074548 3.552709901 3.555169149 3.544379765 3.541538505 3.541526106 2.76384251 2.760946593 2.757606709 2.855100754 2.76508869 4.03212009 3.932514864 3.938335163 3.942754419 3.975368454 8.223071119 8.1121542 8.16854102 7.91954379 7.935412081 5.820808134 5.820808134 5.772160998 5.172122989 5.661531098
15 1.895460346 1.844331968 1.750658669 1.666074548 0 3.545022391 3.547463217 3.536731819 3.533954006 3.534056161 2.796332699 2.794403491 2.791940899 2.88857731 2.794987915 4.040729255 3.940983881 3.946869682 3.951286123 3.983961282 8.218404034 8.107478999 8.163914468 7.914910002 7.930778125 5.832629076 5.832629076 5.784177155 5.183980034 5.67347147
21 3.57902201 3.573413971 3.561203233 3.552709901 3.545022391 0 1.279437575 1.385444857 1.637279114 1.859646288 3.58711088 3.59920137 3.60255574 3.697534185 3.561914931 4.705921769 4.603435957 4.608585065 4.612312251 4.646647942 8.518556553 8.407220234 8.465898585 8.216405836 8.232272723 6.519599675 6.519599675 6.473633992 5.872433545 6.364545305
22 3.581419146 3.575823101 3.563643674 3.555169149 3.547463217 1.279437575 0 1.135050418 1.510855559 1.797594074 3.590100922 3.602176323 3.605495007 3.700519369 3.564986096 4.706677807 4.604175223 4.609328049 4.613053633 4.647397581 8.516313684 8.404973972 8.463670781 8.214173981 8.230040859 6.520660812 6.520660812 6.47471386 5.873498469 6.365618685
23 3.570618607 3.565026365 3.552848255 3.544379765 3.536731819 1.385444857 1.135050418 0 1.323719197 1.705139733 3.57853188 3.590631517 3.593954139 3.688985253 3.553391744 4.695874346 4.59337575 4.598524697 4.60224971 4.636592395 8.506199629 8.394860444 8.453554165 8.204057876 8.219924764 6.509724503 6.509724503 6.463771696 5.862562887 6.354683365
24 3.567727967 3.56214737 3.549988659 3.541538505 3.533954006 1.637279114 1.510855559 1.323719197 0 1.502555151 3.574997171 3.58711918 3.590426465 3.685492423 3.549871022 4.69205075 4.589547753 4.594693845 4.59841722 4.632762969 8.501558234 8.390217799 8.448918038 8.199420103 8.215287 6.505903853 6.505903853 6.459954171 5.858745312 6.350870918
25 3.567654492 3.56208927 3.549952009 3.541526106 3.534056161 1.859646288 1.797594074 1.705139733 1.502555151 0 3.573606749 3.585772581 3.589066508 3.684175562 3.548475301 4.691005557 4.588501437 4.593641248 4.597362441 4.631710271 8.500265313 8.388924049 8.447628322 8.198129138 8.213996052 6.504747602 6.504747602 6.458796128 5.857592871 6.349724012
31 2.779271852 2.776764954 2.766839612 2.76384251 2.796332699 3.58711088 3.590100922 3.57853188 3.574997171 3.573606749 0 1.275989914 1.554238645 1.559146507 1.745032587 4.114892379 4.015388551 4.019616323 4.023549123 4.056474726 8.366956476 8.256052037 8.312331655 8.063328114 8.079198133 5.868884246 5.868884246 5.819252337 5.221014355 5.711530894
32 2.776207654 2.773747783 2.76382785 2.760946593 2.794403491 3.59920137 3.602176323 3.590631517 3.58711918 3.585772581 1.275989914 0 1.472995118 1.306675327 1.814531036 4.122700319 4.023218459 4.027484722 4.031433455 4.064338127 8.374776483 8.263872737 8.320149206 8.071146825 8.087016821 5.87718958 5.87718958 5.827549045 5.229285128 5.719747651
33 2.770795983 2.768791797 2.759791349 2.757606709 2.791940899 3.60255574 3.605495007 3.593954139 3.590426465 3.589066508 1.554238645 1.472995118 0 1.741469547 1.953328616 4.106598307 4.007187038 4.011413931 4.015362133 4.048237284 8.366991934 8.25609466 8.312333962 8.063338255 8.079208349 5.859281864 5.859281864 5.809535311 5.21136395 5.701791173
34 2.871342219 2.86867182 2.85828349 2.855100754 2.88857731 3.697534185 3.700519369 3.688985253 3.685492423 3.684175562 1.559146507 1.306675327 1.741469547 0 1.8771134 4.228555397 4.129049505 4.133354712 4.137311731 4.170220537 8.476491605 8.365584979 8.421878399 8.172873276 8.18874321 5.9841917 5.9841917 5.934599374 5.336276494 5.826729285
35 2.784183756 2.780861715 2.769389157 2.76508869 2.794987915 3.561914931 3.564986096 3.553391744 3.549871022 3.548475301 1.745032587 1.814531036 1.953328616 1.8771134 0 4.129357347 4.029713564 4.033989379 4.037913744 4.070904778 8.366010967 8.255093914 8.311445317 8.062428419 8.078298275 5.886296658 5.886296658 5.836858419 5.238470053 5.729079687
41 4.02264422 4.024873885 4.028836474 4.03212009 4.040729255 4.705921769 4.706677807 4.695874346 4.69205075 4.691005557 4.114892379 4.122700319 4.106598307 4.228555397 4.129357347 0 1.540973982 1.776757626 1.902682895 1.71115346 8.514373733 8.404125077 8.456587066 8.208231651 8.224113618 5.060379052 5.060379052 5.047165827 4.413299882 4.913198092
42 3.92319849 3.925390114 3.929285608 3.932514864 3.940983881 4.603435957 4.604175223 4.59337575 4.589547753 4.588501437 4.015388551 4.023218459 4.007187038 4.129049505 4.029713564 1.540973982 0 1.473155604 1.631618606 1.497803901 8.402034699 8.291794971 8.344202748 8.095854943 8.111737164 4.982873834 4.982873834 4.970562876 4.337757066 4.840445883
43 3.929090639 3.931269183 3.935124474 3.938335163 3.946869682 4.608585065 4.609328049 4.598524697 4.594693845 4.593641248 4.019616323 4.027484722 4.011413931 4.133354712 4.033989379 1.776757626 1.473155604 0 1.140330844 1.143294542 8.407371174 8.297133286 8.349527519 8.101179993 8.117062362 4.968124666 4.968124666 4.957973637 4.324316817 4.829370653
44 3.933559217 3.935727272 3.939558676 3.942754419 3.951286123 4.612312251 4.613053633 4.60224971 4.59841722 4.597362441 4.023549123 4.031433455 4.015362133 4.137311731 4.037913744 1.902682895 1.631618606 1.140330844 0 1.397664142 8.409518176 8.299282368 8.351663185 8.103317006 8.119199466 4.970998585 4.970998585 4.961589356 4.32796 4.834221068
45 3.966070124 3.968261844 3.972138914 3.975368454 3.983961282 4.646647942 4.647397581 4.636592395 4.632762969 4.631710271 4.056474726 4.064338127 4.048237284 4.170220537 4.070904778 1.71115346 1.497803901 1.143294542 1.397664142 0 8.449192124 8.338950975 8.391364851 8.143014463 8.158896746 4.993444615 4.993444615 4.983307233 4.349025262 4.853318889
51 8.22693654 8.225994277 8.224453713 8.223071119 8.218404034 8.518556553 8.516313684 8.506199629 8.501558234 8.500265313 8.366956476 8.374776483 8.366991934 8.476491605 8.366010967 8.514373733 8.402034699 8.407371174 8.409518176 8.449192124 0 4.256582592 5.543647021 5.953237715 5.929551573 10.47136288 10.47136288 10.43541683 9.827130695 10.32512573
52 8.116032083 8.115087009 8.113540983 8.1121542 8.107478999 8.407220234 8.404973972 8.394860444 8.390217799 8.388924049 8.256052037 8.263872737 8.25609466 8.365584979 8.255093914 8.404125077 8.291794971 8.297133286 8.299282368 8.338950975 4.256582592 0 5.537726822 5.741860358 5.717492976 10.36101838 10.36101838 10.32506406 9.716782823 10.21477158
53 8.172349217 8.171419945 8.16990424 8.16854102 8.163914468 8.465898585 8.463670781 8.453554165 8.448918038 8.447628322 8.312331655 8.320149206 8.312333962 8.421878399 8.311445317 8.456587066 8.344202748 8.349527519 8.351663185 8.391364851 5.543647021 5.537726822 0 5.466340097 5.419936115 10.41402814 10.41402814 10.37812359 9.769813935 10.26784195
54 7.923365976 7.922433256 7.920911558 7.91954379 7.914910002 8.216405836 8.214173981 8.204057876 8.199420103 8.198129138 8.063328114 8.071146825 8.063338255 8.172873276 8.062428419 8.208231651 8.095854943 8.101179993 8.103317006 8.143014463 5.953237715 5.741860358 5.466340097 0 2.21392486 10.16557254 10.16557254 10.12966068 9.521355903 10.01937919
55 7.939234529 7.93830132 7.936779842 7.935412081 7.930778125 8.232272723 8.230040859 8.219924764 8.215287 8.213996052 8.079198133 8.087016821 8.079208349 8.18874321 8.078298275 8.224113618 8.111737164 8.117062362 8.119199466 8.158896746 5.929551573 5.717492976 5.419936115 2.21392486 0 10.18145324 10.18145324 10.14554116 9.537236478 10.03525954
61 5.81074173 5.813196857 5.817198141 5.820808134 5.832629076 6.519599675 6.520660812 6.509724503 6.505903853 6.504747602 5.868884246 5.87718958 5.859281864 5.9841917 5.886296658 5.060379052 4.982873834 4.968124666 4.970998585 4.993444615 10.47136288 10.36101838 10.41402814 10.16557254 10.18145324 0 9.748305452e-08 3.975156236 2.861785568 4.371156589
62 5.81074173 5.813196857 5.817198141 5.820808134 5.832629076 6.519599675 6.520660812 6.509724503 6.505903853 6.504747602 5.868884246 5.87718958 5.859281864 5.9841917 5.886296658 5.060379052 4.982873834 4.968124666 4.970998585 4.993444615 10.47136288 10.36101838 10.41402814 10.16557254 10.18145324 9.748305452e-08 0 3.975156236 2.861785568 4.371156589
63 5.761961876 5.764451259 5.768502079 5.772160998 5.784177155 6.473633992 6.47471386 6.463771696 6.459954171 6.458796128 5.819252337 5.827549045 5.809535311 5.934599374 5.836858419 5.047165827 4.970562876 4.957973637 4.961589356 4.983307233 10.43541683 10.32506406 10.37812359 10.12966068 10.14554116 3.975156236 3.975156236 0 2.948703571 3.974780715
64 5.161944912 5.164424878 5.168477824 5.172122989 5.183980034 5.872433545 5.873498469 5.862562887 5.858745312 5.857592871 5.221014355 5.229285128 5.21136395 5.336276494 5.238470053 4.413299882 4.337757066 4.324316817 4.32796 4.349025262 9.827130695 9.716782823 9.769813935 9.521355903 9.537236478 2.861785568 2.861785568 2.948703571 0 3.270595468
65 5.651162871 5.653685783 5.657825042 5.661531098 5.67347147 6.364545305 6.365618685 6.354683365 6.350870918 6.349724012 5.711530894 5.719747651 5.701791173 5.826729285 5.729079687 4.913198092 4.840445883 4.829370653 4.834221068 4.853318889 10.32512573 10.21477158 10.26784195 10.01937919 10.03525954 4.371156589 4.371156589 3.974780715 3.270595468 0
